140 231.2 12.75 216.25
100 258.4 12.75 216.25
100 176.8 12.75 216.25
180 149.6 12.75 216.25
100 231.2 12.75 216.25
140 258.4 12.75 216.25
140 149.6 165.75 216.25
60 95.2 12.75 216.25
300 13.6 12.75 216.25
140 13.6 12.75 216.25
180 204 12.75 216.25
380 176.8 12.75 216.25
300 40.8 12.75 216.25
340 176.8 12.75 216.25
180 13.6 12.75 216.25
20 13.6 12.75 216.25
180 176.8 12.75 216.25
20 122.4 12.75 216.25
380 204 12.75 198.95
60 95.2 12.75 198.95
300 231.2 12.75 164.35
60 204 165.75 164.35
340 176.8 12.75 198.95
180 13.6 12.75 198.95
100 176.8 12.75 181.65
340 95.2 12.75 181.65
60 122.4 12.75 181.65
140 258.4 12.75 164.35
140 13.6 12.75 198.95
380 204 12.75 181.65
60 95.2 12.75 181.65
300 13.6 12.75 181.65
300 231.2 12.75 147.05
100 176.8 12.75 198.95
20 95.2 12.75 181.65
140 13.6 12.75 181.65
260 176.8 12.75 198.95
300 231.2 12.75 198.95
380 204 12.75 164.35
300 13.6 12.75 164.35
20 13.6 12.75 198.95
180 176.8 12.75 181.65
340 231.2 12.75 147.05
340 204 12.75 164.35
100 68 12.75 164.35
100 176.8 12.75 147.05
380 176.8 12.75 198.95
140 258.4 12.75 147.05
140 258.4 12.75 198.95
300 95.2 12.75 164.35
300 204 12.75 147.05
60 122.4 12.75 147.05
140 204 12.75 147.05
300 149.6 12.75 147.05
140 204 12.75 164.35
300 149.6 12.75 164.35
380 176.8 12.75 147.05
340 176.8 12.75 164.35
180 13.6 12.75 164.35
100 204 12.75 147.05
20 176.8 12.75 147.05
140 231.2 12.75 198.95
140 13.6 12.75 164.35
380 40.8 12.75 147.05
300 231.2 12.75 181.65
380 204 12.75 147.05
220 40.8 12.75 147.05
300 13.6 12.75 147.05
100 231.2 12.75 198.95
180 204 12.75 147.05
100 176.8 12.75 164.35
340 95.2 12.75 164.35
340 204 12.75 147.05
20 95.2 12.75 147.05
100 68 12.75 147.05
100 231.2 12.75 181.65
180 204 12.75 164.35
340 40.8 12.75 164.35
140 258.4 12.75 181.65
300 204 12.75 164.35
60 122.4 12.75 164.35
300 95.2 12.75 147.05
180 176.8 12.75 198.95
20 13.6 12.75 181.65
340 231.2 12.75 164.35
340 176.8 12.75 181.65
180 13.6 12.75 181.65
100 258.4 12.75 198.95
340 122.4 12.75 164.35
20 13.6 12.75 164.35
100 149.6 12.75 147.05
100 204 12.75 164.35
340 68 12.75 164.35
340 176.8 12.75 147.05
260 40.8 12.75 147.05
180 13.6 12.75 147.05
340 122.4 12.75 147.05
220 40.8 12.75 129.75
300 13.6 12.75 129.75
300 122.4 12.75 112.45
60 204 165.75 95.15
300 176.8 12.75 112.45
380 40.8 12.75 112.45
300 122.4 12.75 129.75
380 204 12.75 112.45
220 40.8 12.75 112.45
300 13.6 12.75 112.45
100 204 12.75 129.75
20 176.8 12.75 129.75
260 149.6 12.75 129.75
340 176.8 12.75 112.45
260 40.8 12.75 112.45
180 13.6 12.75 112.45
340 122.4 12.75 112.45
180 68 12.75 112.45
20 13.6 12.75 112.45
340 231.2 12.75 95.15
20 231.2 12.75 77.85
340 176.8 12.75 129.75
260 40.8 12.75 129.75
180 13.6 12.75 129.75
100 204 12.75 112.45
260 149.6 12.75 112.45
340 204 12.75 129.75
20 95.2 12.75 129.75
20 204 12.75 112.45
100 176.8 12.75 112.45
180 149.6 12.75 112.45
300 176.8 12.75 129.75
380 40.8 12.75 129.75
380 258.4 12.75 95.15
300 95.2 12.75 129.75
300 204 12.75 112.45
380 231.2 12.75 77.85
340 122.4 12.75 129.75
20 13.6 12.75 129.75
340 13.6 12.75 112.45
20 231.2 12.75 95.15
340 176.8 12.75 95.15
260 40.8 12.75 95.15
180 13.6 12.75 95.15
180 122.4 12.75 77.85
300 149.6 12.75 112.45
220 122.4 12.75 112.45
300 258.4 12.75 95.15
300 204 12.75 129.75
60 13.6 12.75 112.45
380 231.2 12.75 95.15
300 149.6 12.75 129.75
380 176.8 12.75 112.45
300 40.8 12.75 112.45
300 258.4 12.75 77.85
220 231.2 12.75 77.85
300 258.4 12.75 129.75
380 176.8 12.75 95.15
300 40.8 12.75 95.15
220 122.4 12.75 77.85
380 68 12.75 77.85
380 258.4 12.75 112.45
300 176.8 12.75 77.85
300 231.2 12.75 129.75
60 204 165.75 129.75
380 204 12.75 95.15
220 40.8 12.75 95.15
300 13.6 12.75 95.15
300 231.2 12.75 112.45
60 204 165.75 112.45
220 40.8 12.75 77.85
300 13.6 12.75 77.85
300 176.8 12.75 95.15
180 204 12.75 112.45
340 258.4 12.75 77.85
100 176.8 12.75 129.75
340 204 12.75 112.45
20 95.2 12.75 112.45
100 68 12.75 112.45
180 204 12.75 129.75
100 13.6 12.75 112.45
340 258.4 12.75 95.15
340 204 12.75 95.15
20 95.2 12.75 95.15
340 258.4 12.75 112.45
180 204 12.75 77.85
340 204 12.75 77.85
340 258.4 12.75 129.75
180 204 12.75 95.15
60 13.6 12.75 95.15
300 258.4 12.75 112.45
300 149.6 12.75 95.15
380 68 12.75 95.15
380 176.8 12.75 77.85
340 231.2 12.75 112.45
20 13.6 12.75 95.15
340 13.6 12.75 77.85
260 149.6 12.75 95.15
180 122.4 12.75 95.15
340 176.8 12.75 77.85
260 40.8 12.75 77.85
180 13.6 12.75 77.85
340 231.2 12.75 129.75
20 231.2 12.75 112.45
340 13.6 12.75 95.15
180 204 12.75 43.25
340 40.8 12.75 43.25
100 231.2 12.75 25.95
340 258.4 12.75 8.65
380 204 12.75 60.55
220 40.8 12.75 60.55
300 13.6 12.75 60.55
380 149.6 12.75 60.55
140 13.6 12.75 60.55
220 204 12.75 43.25
100 204 12.75 60.55
180 122.4 12.75 60.55
340 176.8 12.75 43.25
260 40.8 12.75 43.25
20 122.4 12.75 60.55
340 13.6 12.75 60.55
100 258.4 12.75 8.65
340 176.8 12.75 60.55
260 40.8 12.75 60.55
180 13.6 12.75 60.55
180 122.4 12.75 43.25
220 176.8 12.75 43.25
140 258.4 12.75 25.95
380 149.6 12.75 43.25
380 204 12.75 43.25
300 13.6 12.75 43.25
340 204 12.75 60.55
20 95.2 12.75 60.55
380 176.8 12.75 60.55
300 40.8 12.75 60.55
220 122.4 12.75 43.25
380 68 12.75 43.25
300 258.4 12.75 25.95
20 13.6 12.75 60.55
20 122.4 12.75 43.25
100 258.4 12.75 25.95
60 258.4 12.75 60.55
380 149.6 12.75 25.95
300 68 12.75 25.95
140 13.6 12.75 25.95
220 204 12.75 8.65
380 40.8 12.75 8.65
180 204 12.75 60.55
340 40.8 12.75 60.55
100 13.6 12.75 43.25
340 258.4 12.75 25.95
100 231.2 12.75 8.65
100 258.4 12.75 60.55
20 231.2 12.75 60.55
20 13.6 12.75 25.95
260 204 12.75 8.65
180 176.8 12.75 8.65
20 122.4 12.75 8.65
380 204 12.75 25.95
300 13.6 12.75 25.95
220 149.6 12.75 8.65
60 95.2 12.75 8.65
140 68 12.75 8.65
300 13.6 12.75 8.65
100 176.8 12.75 8.65
220 176.8 12.75 60.55
140 258.4 12.75 8.65
140 149.6 165.75 8.65
220 122.4 12.75 60.55
380 68 12.75 60.55
300 40.8 12.75 43.25
340 176.8 12.75 25.95
260 40.8 12.75 25.95
180 13.6 12.75 25.95
180 122.4 12.75 8.65
180 122.4 12.75 25.95
340 176.8 12.75 8.65
260 40.8 12.75 8.65
180 13.6 12.75 8.65
220 204 12.75 25.95
380 40.8 12.75 25.95
380 149.6 12.75 8.65
300 68 12.75 8.65
20 95.2 12.75 8.65
340 258.4 12.75 43.25
100 13.6 12.75 25.95
180 204 12.75 8.65
340 258.4 12.75 60.55
180 204 12.75 25.95
100 13.6 12.75 8.65
300 258.4 12.75 60.55
220 231.2 12.75 60.55
380 176.8 12.75 25.95
300 40.8 12.75 25.95
140 258.4 12.75 60.55
380 231.2 12.75 43.25
220 176.8 12.75 8.65
380 231.2 12.75 60.55
220 176.8 12.75 25.95
300 258.4 12.75 43.25
380 176.8 12.75 8.65
300 40.8 12.75 8.65
100 258.4 12.75 43.25
20 231.2 12.75 43.25
20 122.4 12.75 25.95
20 13.6 12.75 8.65
